-30.000000 0.000530
-29.000000 0.000461
-28.000000 0.002694
-27.000000 0.003282
-26.000000 0.004580
-25.000000 0.004877
-24.000000 0.006472
-23.000000 0.005028
-22.000000 0.007744
-21.000000 0.009413
-20.000000 0.011310
-19.000000 0.012351
-18.000000 0.013809
-17.000000 0.012985
-16.000000 0.014667
-15.000000 0.012889
-14.000000 0.013014
-13.000000 0.012753
-12.000000 0.012735
-11.000000 0.015036
-10.000000 0.016899
-9.000000 0.018815
-8.000000 0.019828
-7.000000 0.019711
-6.000000 0.018364
-5.000000 0.018738
-4.000000 0.021008
-3.000000 0.021815
-2.000000 0.022124
-1.000000 0.041516
0.000000 0.045978
1.000000 0.048664
2.000000 0.048070
3.000000 0.047912
4.000000 0.047338
5.000000 0.047319
6.000000 0.046710
7.000000 0.046018
8.000000 0.045788
9.000000 0.046848
10.000000 0.048447
11.000000 0.049033
12.000000 0.048967
13.000000 0.050075
14.000000 0.051081
15.000000 0.051087
16.000000 0.049376
17.000000 0.048402
18.000000 0.047609
19.000000 0.047527
20.000000 0.047587
21.000000 0.046959
22.000000 0.046930
23.000000 0.046323
24.000000 0.044177
25.000000 0.043141
26.000000 0.041629
27.000000 0.040993
28.000000 0.040435
29.000000 0.039758
30.000000 0.038096
