-30.000000 -0.000802
-29.000000 -0.000674
-28.000000 -0.000609
-27.000000 -0.003023
-26.000000 -0.004000
-25.000000 -0.005097
-24.000000 -0.004789
-23.000000 -0.005416
-22.000000 -0.004435
-21.000000 -0.004075
-20.000000 -0.004511
-19.000000 -0.006096
-18.000000 -0.005084
-17.000000 -0.005178
-16.000000 -0.003882
-15.000000 -0.000640
-14.000000 -0.000836
-13.000000 0.000861
-12.000000 0.000510
-11.000000 -0.001546
-10.000000 0.000598
-9.000000 0.001803
-8.000000 0.003838
-7.000000 0.004215
-6.000000 0.003576
-5.000000 0.004716
-4.000000 0.004044
-3.000000 0.005951
-2.000000 0.004783
-1.000000 0.013405
0.000000 0.018685
1.000000 0.018301
2.000000 0.018598
3.000000 0.017271
4.000000 0.016888
5.000000 0.016398
6.000000 0.016252
7.000000 0.015742
8.000000 0.015203
9.000000 0.016202
10.000000 0.015068
11.000000 0.014957
12.000000 0.015497
13.000000 0.014455
14.000000 0.015081
15.000000 0.014780
16.000000 0.015067
17.000000 0.015456
18.000000 0.017107
19.000000 0.016931
20.000000 0.016377
21.000000 0.015788
22.000000 0.013890
23.000000 0.014555
24.000000 0.014248
25.000000 0.013501
26.000000 0.013015
27.000000 0.012308
28.000000 0.013121
29.000000 0.011365
30.000000 0.010786
