-30.000000 0.001053
-29.000000 0.001888
-28.000000 0.000805
-27.000000 0.000209
-26.000000 0.000330
-25.000000 -0.000383
-24.000000 -0.001048
-23.000000 -0.001250
-22.000000 -0.001049
-21.000000 -0.000861
-20.000000 -0.000906
-19.000000 -0.001469
-18.000000 -0.002303
-17.000000 -0.001756
-16.000000 -0.002987
-15.000000 -0.002513
-14.000000 0.001096
-13.000000 0.000482
-12.000000 0.002347
-11.000000 0.002153
-10.000000 0.004269
-9.000000 0.004476
-8.000000 0.003855
-7.000000 0.004691
-6.000000 0.005069
-5.000000 0.003372
-4.000000 0.006342
-3.000000 0.008783
-2.000000 0.008384
-1.000000 -0.000695
0.000000 -0.005096
1.000000 -0.003206
2.000000 -0.003781
3.000000 -0.003059
4.000000 -0.003437
5.000000 -0.002157
6.000000 -0.002567
7.000000 -0.002578
8.000000 -0.002734
9.000000 -0.003413
10.000000 -0.006280
11.000000 -0.005559
12.000000 -0.006994
13.000000 -0.005117
14.000000 -0.004255
15.000000 -0.004513
16.000000 -0.002637
17.000000 -0.001617
18.000000 -0.001267
19.000000 -0.000863
20.000000 0.000661
21.000000 0.000630
22.000000 -0.002056
23.000000 -0.001335
24.000000 -0.000498
25.000000 -0.002463
26.000000 -0.002459
27.000000 -0.002758
28.000000 -0.002724
29.000000 -0.003485
30.000000 -0.002895
